%YAML:1.0
---
PoseState: !!opencv-matrix
   rows: 4
   cols: 4
   dt: f
   data: [ -9.95829821e-01, 3.77558102e-03, -9.11519080e-02,
       -4.88656403e+02, -2.90727820e-02, 9.33918357e-01, 3.56302232e-01,
       -4.30762451e+02, 8.64736885e-02, 3.57466429e-01, -9.29913998e-01,
       1.03053394e+03, 0., 0., 0., 1. ]
