%YAML:1.0
---
PoseState: !!opencv-matrix
   rows: 4
   cols: 4
   dt: d
   data: [ 4.6645155022597987e-02, -9.9277137539673288e-01,
       -1.1058582958859138e-01, -6.3112207685492672e+02,
       9.0575568794251582e-01, 8.8718305831881145e-02,
       -4.1441005775692874e-01, -3.4045670108379234e+01,
       4.2122543046769867e-01, -8.0833522768712696e-02,
       9.0334659922097582e-01, 1.5018206377943122e+02, 0., 0., 0., 1. ]
