%YAML:1.0
---
PoseState: !!opencv-matrix
   rows: 4
   cols: 4
   dt: d
   data: [ 9.3075068713672082e-01, -2.0856815287543246e-01,
       -3.0033728373389185e-01, -5.4677860144145404e+02,
       8.8073245863767469e-02, 9.2506145339579715e-01,
       -3.6946503326333291e-01, -1.2220027244710769e+02,
       3.5488908373961342e-01, 3.1742815415048736e-01,
       8.7937085759938149e-01, 2.9436137966910218e+02, 0., 0., 0., 1. ]
