%YAML:1.0
---
PoseState: !!opencv-matrix
   rows: 4
   cols: 4
   dt: d
   data: [ 5.3638527337466671e-02, -9.9852397345947785e-01,
       8.5312842974318813e-03, -5.2715719452192627e+02,
       7.5991424029062449e-01, 3.5275386038748420e-02,
       -6.4906547785515467e-01, -5.8262788319843594e+01,
       6.4780649563630555e-01, 4.1297960803325727e-02,
       7.6068470646181408e-01, 2.8774972612399915e+02, 0., 0., 0., 1. ]
