%YAML:1.0
---
PoseState: !!opencv-matrix
   rows: 4
   cols: 4
   dt: d
   data: [ 2.2296589564929076e-01, -9.4998189502681274e-01,
       2.1867923655110683e-01, -7.3725104016381101e+02,
       9.5164259344798452e-01, 1.6348356836827013e-01,
       -2.6009516952294809e-01, 2.6996047683331437e+00,
       2.1133524011130639e-01, 2.6609682823145880e-01,
       9.4049449455712053e-01, 4.9892320593314679e+01, 0., 0., 0., 1. ]
