%YAML:1.0
---
PoseState: !!opencv-matrix
   rows: 4
   cols: 4
   dt: d
   data: [ 8.2064554476989071e-01, -5.6998033780041890e-01,
       4.0783628703797412e-02, -6.9895258841595444e+02,
       5.6719775165625053e-01, 8.0380162750085860e-01,
       -1.7941475453001421e-01, -9.1353882386917832e+01,
       6.9480935265893676e-02, 1.7036830147621698e-01,
       9.8292779057603497e-01, 3.2721893205949078e+02, 0., 0., 0., 1. ]
