%YAML:1.0
---
PoseState: !!opencv-matrix
   rows: 4
   cols: 4
   dt: d
   data: [ 6.7691035242384900e-02, -8.9463993356502314e-01,
       4.4163028996954584e-01, -7.2440411614343009e+02,
       9.8571137641297535e-01, -8.4635118426773966e-03,
       -1.6823035212864010e-01, -1.3749042757221000e+02,
       1.5424333424122938e-01, 4.4670768768632102e-01,
       8.8128385642997498e-01, 1.7421163989139529e+02, 0., 0., 0., 1. ]
