%YAML:1.0
---
PoseState: !!opencv-matrix
   rows: 4
   cols: 4
   dt: d
   data: [ 7.1892233719658806e-03, -9.9959889433805904e-01,
       -2.7392800248197183e-02, -5.5856159943384728e+02,
       9.6389859416253953e-01, 1.4218848587530121e-02,
       -2.6588968486258480e-01, -2.4992544542889306e+01,
       2.6617252908365230e-01, -2.4492341312633861e-02,
       9.6361419145747218e-01, 1.9988533761036561e+02, 0., 0., 0., 1. ]
