%YAML:1.0
---
PoseState: !!opencv-matrix
   rows: 4
   cols: 4
   dt: d
   data: [ 7.3148306775195615e-01, -5.5295989440611992e-01,
       -3.9895849003443939e-01, -6.7784812431657929e+02,
       3.0719876641834404e-01, 7.8961356944236349e-01,
       -5.3116789140867438e-01, 7.9799493915414246e+01,
       6.0873757852069132e-01, 2.6598076270824994e-01,
       7.4745755355465016e-01, 1.8844677320953451e+00, 0., 0., 0., 1. ]
