%YAML:1.0
---
PoseState: !!opencv-matrix
   rows: 4
   cols: 4
   dt: d
   data: [ 7.8565679492061291e-01, -3.5085811133227401e-01,
       -5.0955076911669905e-01, -5.1620040668713455e+02,
       7.3331985167226221e-02, 8.7064035111792337e-01,
       -4.8642347697936328e-01, -5.0338881063656430e+01,
       6.1430108297682806e-01, 3.4479554045493249e-01,
       7.0975362960388400e-01, 1.5413628191225615e+02, 0., 0., 0., 1. ]
