%YAML:1.0
---
PoseState: !!opencv-matrix
   rows: 4
   cols: 4
   dt: d
   data: [ -5.6171791876137167e-01, -8.2713214515900557e-01,
       -1.8038685846117244e-02, -4.9374789421236130e+02,
       7.9847038591178821e-01, -5.3628704871515631e-01,
       -2.7357127810182758e-01, -1.0667112160477156e+02,
       2.1660568451514151e-01, -1.6807324541713767e-01,
       9.6168256800811247e-01, 2.5133925863558540e+02, 0., 0., 0., 1. ]
