%YAML:1.0
---
Per pose residuals for rotation in deg and translation in mm: !!opencv-matrix
   rows: 10
   cols: 2
   dt: d
   data: [ 3.3002832531929016e-01, 1.0938358306884766e+00,
       2.6827543973922729e-01, 7.6888525485992432e-01,
       1.9626119732856750e-01, 4.9895852804183960e-01,
       1.7753890156745911e-01, 1.3190752267837524e+00,
       7.8195013105869293e-02, 8.4884092211723328e-02,
       1.1325883120298386e-01, 1.0476577281951904e+00,
       2.4339839816093445e-01, 6.1395758390426636e-01,
       1.3668671250343323e-01, 6.7201757431030273e-01,
       2.4314343929290771e-01, 5.9630084037780762e-01,
       2.4527904391288757e-01, 6.3562422990798950e-01 ]
