%YAML:1.0
---
PoseState: !!opencv-matrix
   rows: 4
   cols: 4
   dt: d
   data: [ 9.3068872294947358e-01, -2.0874844644376284e-01,
       -3.0040403972315893e-01, -5.4685814900946286e+02,
       8.8278035232667695e-02, 9.2509093687722399e-01,
       -3.6934231683233881e-01, -1.2233218278671769e+02,
       3.5500068939389073e-01, 3.1722365078117259e-01,
       8.7939960536432304e-01, 2.9436547108940260e+02, 0., 0., 0., 1. ]
