%YAML:1.0
---
PoseState: !!opencv-matrix
   rows: 4
   cols: 4
   dt: f
   data: [ -9.95865226e-01, 3.83347413e-03, -9.07623619e-02,
       -4.88672821e+02, -3.23824100e-02, 9.18496430e-01, 3.94101143e-01,
       -4.28437256e+02, 8.48756805e-02, 3.95410717e-01, -9.14574504e-01,
       1.02817871e+03, 0., 0., 0., 1. ]
