%YAML:1.0
---
PoseState: !!opencv-matrix
   rows: 4
   cols: 4
   dt: d
   data: [ 9.3067494902424763e-01, -2.0846801693465483e-01,
       -3.0064135639337181e-01, -5.4685403953525349e+02,
       8.7850655038840042e-02, 9.2506881668401175e-01,
       -3.6949958972655034e-01, -1.2214208968929553e+02,
       3.5514279053355519e-01, 3.1747247174231463e-01,
       8.7925242565367112e-01, 2.9418521270063525e+02, 0., 0., 0., 1. ]
