%YAML:1.0
---
PoseState: !!opencv-matrix
   rows: 4
   cols: 4
   dt: d
   data: [ 7.8567243073604043e-01, -3.5078947201577076e-01,
       -5.0957391799837870e-01, -5.1621123644247984e+02,
       7.3274533979440282e-02, 8.7066524678495627e-01,
       -4.8638757252934317e-01, -5.0334079361723418e+01,
       6.1428794083183624e-01, 3.4480251501952253e-01,
       7.0976161588578091e-01, 1.5414039792266487e+02, 0., 0., 0., 1. ]
