%YAML:1.0
---
PoseState: !!opencv-matrix
   rows: 4
   cols: 4
   dt: d
   data: [ 4.6686046242201754e-02, -9.9276688061943319e-01,
       -1.1060892292862938e-01, -6.3113217265248898e+02,
       9.0576738970765114e-01, 8.8762305470063863e-02,
       -4.1437505821396547e-01, -3.4014681126123520e+01,
       4.2119573695428020e-01, -8.0840422270047077e-02,
       9.0335982714461094e-01, 1.5017134162853606e+02, 0., 0., 0., 1. ]
