%YAML:1.0
---
PoseState: !!opencv-matrix
   rows: 4
   cols: 4
   dt: d
   data: [ 7.3147996521446845e-01, -5.5296377750491921e-01,
       -3.9895879644059767e-01, -6.7785204519866852e+02,
       3.0719646997458955e-01, 7.8960920096462395e-01,
       -5.3117571347639703e-01, 7.9806675666793069e+01,
       6.0874246551804745e-01, 2.6598565848462291e-01,
       7.4745183132795290e-01, 1.8801110715194937e+00, 0., 0., 0., 1. ]
