%YAML:1.0
---
PoseState: !!opencv-matrix
   rows: 4
   cols: 4
   dt: d
   data: [ 5.3711302306499745e-02, -9.9852013176832943e-01,
       8.5230544934105056e-03, -5.2716526071299916e+02,
       7.5991888166136623e-01, 3.5336580512425809e-02,
       -6.4905671506596974e-01, -5.8241690863868129e+01,
       6.4779502105147291e-01, 4.1338511475943300e-02,
       7.6069227560813002e-01, 2.8774915381441525e+02, 0., 0., 0., 1. ]
