%YAML:1.0
---
PoseState: !!opencv-matrix
   rows: 4
   cols: 4
   dt: d
   data: [ 7.1296170941898664e-03, -9.9959665550395504e-01,
       -2.7489904790618847e-02, -5.5855882662269642e+02,
       9.6389634626588561e-01, 1.4187486498016301e-02,
       -2.6589950899192027e-01, -2.5016794738719568e+01,
       2.6618227254151611e-01, -2.4601657102229040e-02,
       9.6360871532612147e-01, 1.9986469172336206e+02, 0., 0., 0., 1. ]
