%YAML:1.0
---
PoseState: !!opencv-matrix
   rows: 4
   cols: 4
   dt: d
   data: [ 6.7670194324575550e-02, -8.9472016872497717e-01,
       4.4147091011393119e-01, -7.2441567476767432e+02,
       9.8569516228191267e-01, -8.5028564448094597e-03,
       -1.6832334504254867e-01, -1.3748583185431457e+02,
       1.5435605545007977e-01, 4.4654621385588705e-01,
       8.8134595196033227e-01, 1.7413805574282281e+02, 0., 0., 0., 1. ]
