%YAML:1.0
---
PoseState: !!opencv-matrix
   rows: 4
   cols: 4
   dt: d
   data: [ 2.2299592168459939e-01, -9.4996189214840354e-01,
       2.1873550781220064e-01, -7.3726798610173228e+02,
       9.5163902593686067e-01, 1.6350025536114537e-01,
       -2.6009773319039703e-01, 2.6795398096202572e+00,
       2.1131962338121546e-01, 2.6615797933307483e-01,
       9.4048069986116967e-01, 4.9945564793246760e+01, 0., 0., 0., 1. ]
