%YAML:1.0
---
PoseState: !!opencv-matrix
   rows: 4
   cols: 4
   dt: d
   data: [ 8.2063937798459308e-01, -5.6999209206419132e-01,
       4.0743420147875506e-02, -6.9895030231312819e+02,
       5.6720437618985486e-01, 8.0380306726060280e-01,
       -1.7938735934709701e-01, -9.1350420038702509e+01,
       6.9499690158572963e-02, 1.7032217720171733e-01,
       9.8293445815126923e-01, 3.2721867075339941e+02, 0., 0., 0., 1. ]
