%YAML:1.0
---
PoseState: !!opencv-matrix
   rows: 4
   cols: 4
   dt: d
   data: [ -5.6173853163467280e-01, -8.2711792825968111e-01,
       -1.8048679406947057e-02, -4.9374533501008074e+02,
       7.9845248064241969e-01, -5.3630011858090010e-01,
       -2.7359791476924478e-01, -1.0669633587583050e+02,
       2.1661823153393220e-01, -1.6810150374558058e-01,
       9.6167480272989692e-01, 2.5133057772669150e+02, 0., 0., 0., 1. ]
