%YAML:1.0
---
Per pose residuals for rotation in deg and translation in mm: !!opencv-matrix
   rows: 10
   cols: 2
   dt: d
   data: [ 3.3451533317565918e-01, 1.1545603275299072e+00,
       2.7833846211433411e-01, 6.9178134202957153e-01,
       2.1026530861854553e-01, 4.8165053129196167e-01,
       1.9509290158748627e-01, 1.2486026287078857e+00,
       8.3122834563255310e-02, 8.9103348553180695e-02,
       9.3904703855514526e-02, 9.5434832572937012e-01,
       2.4230664968490601e-01, 5.7959449291229248e-01,
       2.3991732299327850e-01, 4.9454164505004883e-01,
       2.4049404263496399e-01, 6.0872614383697510e-01,
       2.6605430245399475e-01, 6.9411975145339966e-01 ]
